0.00  0.690  0.347  0.375  0.375  0.362
0.01  0.637  0.309  0.353  0.353  0.339
0.02  0.586  0.274  0.328  0.328  0.317
0.03  0.537  0.244  0.291  0.291  0.296
0.04  0.493  0.214  0.237  0.237  0.274
0.05  0.446  0.185  0.167  0.167  0.253
0.06  0.393  0.161  0.090  0.090  0.232
0.07  0.334  0.138  0.021  0.021  0.212
0.08  0.269  0.114 -0.028 -0.028  0.192
0.09  0.204  0.095 -0.052 -0.052  0.172
0.10  0.145  0.080 -0.059 -0.059  0.153
0.11  0.099  0.069 -0.058 -0.058  0.133
0.12  0.072  0.067 -0.061 -0.061  0.114
0.13  0.062  0.068 -0.065 -0.065  0.096
0.14  0.062  0.068 -0.064 -0.064  0.077
0.15  0.061  0.061 -0.057 -0.057  0.059
0.16  0.050  0.048 -0.047 -0.047  0.041
0.17  0.026  0.030 -0.038 -0.038  0.024
0.18 -0.007  0.013 -0.037 -0.037  0.006
0.19 -0.041 -0.002 -0.051 -0.051 -0.011
0.20 -0.074 -0.018 -0.060 -0.060 -0.028
0.21 -0.105 -0.036 -0.051 -0.051 -0.044
0.22 -0.137 -0.051 -0.044 -0.044 -0.061
0.23 -0.170 -0.060 -0.034 -0.034 -0.077
0.24 -0.203 -0.065 -0.014 -0.014 -0.093
0.25 -0.228 -0.067  0.016  0.016 -0.109
0.26 -0.241 -0.075  0.051  0.051 -0.124
0.27 -0.243 -0.087  0.082  0.082 -0.139
0.28 -0.235 -0.100  0.094  0.094 -0.154
0.29 -0.224 -0.110  0.083  0.083 -0.169
0.30 -0.217 -0.123  0.059  0.059 -0.184
0.31 -0.215 -0.141  0.031  0.031 -0.198
0.32 -0.221 -0.161  0.002  0.002 -0.212
0.33 -0.236 -0.185 -0.026 -0.026 -0.226
0.34 -0.260 -0.207 -0.051 -0.051 -0.240
0.35 -0.289 -0.216 -0.073 -0.073 -0.254
0.36 -0.318 -0.216 -0.092 -0.092 -0.267
0.37 -0.340 -0.210 -0.107 -0.107 -0.280
0.38 -0.349 -0.200 -0.122 -0.122 -0.293
0.39 -0.350 -0.187 -0.137 -0.137 -0.306
0.40 -0.344 -0.169 -0.153 -0.153 -0.319
0.41 -0.331 -0.148 -0.168 -0.168 -0.331
0.42 -0.316 -0.127 -0.183 -0.183 -0.344
0.43 -0.305 -0.104 -0.195 -0.195 -0.356
0.44 -0.297 -0.082 -0.204 -0.204 -0.368
0.45 -0.288 -0.062 -0.211 -0.211 -0.379
0.46 -0.277 -0.044 -0.217 -0.217 -0.391
0.47 -0.270 -0.031 -0.223 -0.223 -0.402
0.48 -0.271 -0.021 -0.228 -0.228 -0.414
0.49 -0.283 -0.017 -0.236 -0.236 -0.425
0.50 -0.306 -0.017 -0.248 -0.248 -0.436
0.51 -0.340 -0.025 -0.264 -0.264 -0.446
0.52 -0.379 -0.037 -0.276 -0.276 -0.457
0.53 -0.418 -0.048 -0.281 -0.281 -0.467
0.54 -0.455 -0.054 -0.285 -0.285 -0.478
0.55 -0.487 -0.054 -0.287 -0.287 -0.488
0.56 -0.514 -0.048 -0.284 -0.284 -0.498
0.57 -0.534 -0.039 -0.275 -0.275 -0.508
0.58 -0.544 -0.029 -0.267 -0.267 -0.517
0.59 -0.549 -0.021 -0.265 -0.265 -0.527
0.60 -0.550 -0.016 -0.265 -0.265 -0.536
0.61 -0.551 -0.013 -0.271 -0.271 -0.546
0.62 -0.552 -0.014 -0.273 -0.273 -0.555
0.63 -0.558 -0.019 -0.269 -0.269 -0.564
0.64 -0.572 -0.026 -0.265 -0.265 -0.573
0.65 -0.590 -0.036 -0.259 -0.259 -0.581
0.66 -0.614 -0.048 -0.253 -0.253 -0.590
0.67 -0.645 -0.061 -0.249 -0.249 -0.598
0.68 -0.678 -0.074 -0.248 -0.248 -0.607
0.69 -0.710 -0.089 -0.250 -0.250 -0.615
0.70 -0.742 -0.108 -0.253 -0.253 -0.623
0.71 -0.772 -0.132 -0.257 -0.257 -0.631
0.72 -0.799 -0.160 -0.262 -0.262 -0.639
0.73 -0.820 -0.190 -0.269 -0.269 -0.646
0.74 -0.839 -0.223 -0.277 -0.277 -0.654
0.75 -0.856 -0.255 -0.282 -0.282 -0.661
0.76 -0.872 -0.282 -0.285 -0.285 -0.668
0.77 -0.884 -0.303 -0.284 -0.284 -0.676
0.78 -0.891 -0.317 -0.276 -0.276 -0.683
0.79 -0.892 -0.325 -0.262 -0.262 -0.690
0.80 -0.887 -0.324 -0.241 -0.241 -0.697
0.81 -0.876 -0.317 -0.213 -0.213 -0.703
0.82 -0.861 -0.304 -0.184 -0.184 -0.710
0.83 -0.842 -0.286 -0.161 -0.161 -0.716
0.84 -0.822 -0.264 -0.147 -0.147 -0.723
0.85 -0.800 -0.242 -0.139 -0.139 -0.729
0.86 -0.778 -0.220 -0.131 -0.131 -0.735
0.87 -0.758 -0.198 -0.124 -0.124 -0.741
0.88 -0.742 -0.178 -0.113 -0.113 -0.747
0.89 -0.732 -0.158 -0.099 -0.099 -0.753
0.90 -0.725 -0.137 -0.081 -0.081 -0.759
0.91 -0.722 -0.114 -0.060 -0.060 -0.764
0.92 -0.720 -0.091 -0.037 -0.037 -0.770
0.93 -0.719 -0.070 -0.018 -0.018 -0.775
0.94 -0.717 -0.049 -0.005 -0.005 -0.781
0.95 -0.714 -0.030  0.002  0.002 -0.786
0.96 -0.710 -0.012  0.004  0.004 -0.791
0.97 -0.706  0.005  0.004  0.004 -0.796
0.98 -0.704  0.019  0.007  0.007 -0.801
0.99 -0.700  0.033  0.014  0.014 -0.806
1.00 -0.691  0.048  0.025  0.025 -0.811
1.01 -0.683  0.066  0.043  0.043 -0.815
1.02 -0.673  0.084  0.067  0.067 -0.820
1.03 -0.663  0.106  0.092  0.092 -0.824
1.04 -0.653  0.133  0.114  0.114 -0.829
1.05 -0.643  0.166  0.140  0.140 -0.833
1.06 -0.633  0.207  0.169  0.169 -0.837
1.07 -0.620  0.254  0.201  0.201 -0.841
1.08 -0.606  0.311  0.237  0.237 -0.845
1.09 -0.587  0.375  0.278  0.278 -0.849
1.10 -0.569  0.445  0.318  0.318 -0.853
1.11 -0.549  0.513  0.353  0.353 -0.857
1.12 -0.532  0.577  0.379  0.379 -0.860
1.13 -0.516  0.635  0.397  0.397 -0.864
1.14 -0.502  0.686  0.413  0.413 -0.868
1.15 -0.492  0.726  0.428  0.428 -0.871
1.16 -0.487  0.762  0.445  0.445 -0.874
1.17 -0.486  0.791  0.469  0.469 -0.878
1.18 -0.489  0.813  0.499  0.499 -0.881
1.19 -0.493  0.831  0.535  0.535 -0.884
1.20 -0.498  0.846  0.575  0.575 -0.887
1.21 -0.503  0.860  0.613  0.613 -0.890
1.22 -0.508  0.876  0.648  0.648 -0.893
1.23 -0.510  0.891  0.680  0.680 -0.895
1.24 -0.510  0.908  0.710  0.710 -0.898
1.25 -0.505  0.928  0.738  0.738 -0.901
1.26 -0.496  0.951  0.767  0.767 -0.903
1.27 -0.484  0.979  0.794  0.794 -0.906
1.28 -0.470  1.012  0.820  0.820 -0.908
1.29 -0.456  1.047  0.846  0.846 -0.910
1.30 -0.439  1.083  0.871  0.871 -0.913
1.31 -0.422  1.119  0.897  0.897 -0.915
1.32 -0.403  1.154  0.924  0.924 -0.917
1.33 -0.384  1.189  0.954  0.954 -0.919
1.34 -0.364  1.222  0.988  0.988 -0.921
1.35 -0.345  1.255  1.027  1.027 -0.923
1.36 -0.326  1.289  1.070  1.070 -0.925
1.37 -0.308  1.324  1.117  1.117 -0.926
1.38 -0.289  1.360  1.164  1.164 -0.928
1.39 -0.271  1.397  1.207  1.207 -0.930
1.40 -0.253  1.435  1.245  1.245 -0.931
1.41 -0.235  1.473  1.281  1.281 -0.933
1.42 -0.216  1.508  1.317  1.317 -0.934
1.43 -0.196  1.542  1.352  1.352 -0.935
1.44 -0.174  1.574  1.386  1.386 -0.937
1.45 -0.152  1.602  1.418  1.418 -0.938
1.46 -0.130  1.630  1.449  1.449 -0.939
1.47 -0.108  1.658  1.476  1.476 -0.940
1.48 -0.085  1.684  1.501  1.501 -0.941
1.49 -0.062  1.709  1.523  1.523 -0.942
1.50 -0.037  1.733  1.542  1.542 -0.943
1.51 -0.011  1.758  1.560  1.560 -0.944
1.52  0.015  1.782  1.580  1.580 -0.944
1.53  0.044  1.807  1.603  1.603 -0.945
1.54  0.074  1.832  1.631  1.631 -0.946
1.55  0.107  1.859  1.663  1.663 -0.946
1.56  0.142  1.888  1.700  1.700 -0.947
1.57  0.180  1.921  1.740  1.740 -0.947
1.58  0.219  1.955  1.783  1.783 -0.948
1.59  0.260  1.989  1.822  1.822 -0.948
1.60  0.302  2.025  1.847  1.847 -0.948
1.61  0.346  2.061  1.863  1.863 -0.948
1.62  0.390  2.093  1.878  1.878 -0.949
1.63  0.433  2.122  1.896  1.896 -0.949
1.64  0.476  2.147  1.917  1.917 -0.949
1.65  0.516  2.172  1.941  1.941 -0.949
1.66  0.553  2.198  1.966  1.966 -0.949
1.67  0.586  2.225  1.994  1.994 -0.949
1.68  0.618  2.255  2.022  2.022 -0.948
1.69  0.651  2.283  2.052  2.052 -0.948
1.70  0.685  2.310  2.084  2.084 -0.948
1.71  0.720  2.333  2.118  2.118 -0.947
1.72  0.755  2.360  2.152  2.152 -0.947
1.73  0.791  2.393  2.186  2.186 -0.947
1.74  0.829  2.425  2.223  2.223 -0.946
1.75  0.871  2.456  2.268  2.268 -0.946
1.76  0.913  2.487  2.321  2.321 -0.945
1.77  0.957  2.521  2.382  2.382 -0.944
1.78  1.003  2.559  2.450  2.450 -0.944
1.79  1.052  2.598  2.521  2.521 -0.943
1.80  1.103  2.639  2.590  2.590 -0.942
1.81  1.156  2.679  2.648  2.648 -0.941
1.82  1.209  2.718  2.695  2.695 -0.940
1.83  1.264  2.755  2.735  2.735 -0.939
1.84  1.320  2.787  2.772  2.772 -0.938
1.85  1.374  2.817  2.806  2.806 -0.937
1.86  1.427  2.841  2.837  2.837 -0.936
1.87  1.476  2.863  2.867  2.867 -0.935
1.88  1.519  2.882  2.899  2.899 -0.934
1.89  1.556  2.899  2.936  2.936 -0.932
1.90  1.591  2.914  2.976  2.976 -0.931
1.91  1.625  2.927  3.020  3.020 -0.930
1.92  1.655  2.937  3.066  3.066 -0.928
1.93  1.683  2.946  3.113  3.113 -0.927
1.94  1.709  2.958  3.157  3.157 -0.925
1.95  1.734  2.974  3.200  3.200 -0.924
1.96  1.759  2.989  3.243  3.243 -0.922
1.97  1.785  3.004  3.289  3.289 -0.920
1.98  1.807  3.018  3.335  3.335 -0.919
1.99  1.828  3.030  3.377  3.377 -0.917
2.00  1.848  3.041  3.416  3.416 -0.915
2.01  1.870  3.052  3.455  3.455 -0.913
2.02  1.892  3.062  3.497  3.497 -0.912
2.03  1.912  3.072  3.540  3.540 -0.910
2.04  1.930  3.081  3.582  3.582 -0.908
2.05  1.947  3.086  3.620  3.620 -0.906
2.06  1.961  3.091  3.654  3.654 -0.904
2.07  1.974  3.095  3.685  3.685 -0.902
2.08  1.987  3.100  3.713  3.713 -0.899
2.09  1.997  3.103  3.739  3.739 -0.897
2.10  2.007  3.105  3.765  3.765 -0.895
2.11  2.016  3.107  3.792  3.792 -0.893
2.12  2.024  3.109  3.820  3.820 -0.890
2.13  2.031  3.111  3.853  3.853 -0.888
2.14  2.038  3.113  3.891  3.891 -0.886
2.15  2.045  3.114  3.931  3.931 -0.883
2.16  2.051  3.117  3.974  3.974 -0.881
2.17  2.058  3.122  4.019  4.019 -0.878
2.18  2.064  3.125  4.065  4.065 -0.876
2.19  2.070  3.127  4.112  4.112 -0.873
2.20  2.077  3.131  4.158  4.158 -0.871
2.21  2.083  3.140  4.200  4.200 -0.868
2.22  2.089  3.152  4.235  4.235 -0.865
2.23  2.095  3.163  4.263  4.263 -0.862
2.24  2.102  3.173  4.283  4.283 -0.860
2.25  2.110  3.184  4.296  4.296 -0.857
2.26  2.118  3.195  4.303  4.303 -0.854
2.27  2.127  3.207  4.304  4.304 -0.851
2.28  2.137  3.218  4.301  4.301 -0.848
2.29  2.147  3.228  4.298  4.298 -0.845
2.30  2.157  3.239  4.296  4.296 -0.842
2.31  2.168  3.250  4.295  4.295 -0.839
2.32  2.179  3.262  4.295  4.295 -0.836
2.33  2.189  3.275  4.293  4.293 -0.833
2.34  2.200  3.289  4.291  4.291 -0.830
2.35  2.211  3.303  4.288  4.288 -0.827
2.36  2.222  3.317  4.285  4.285 -0.823
2.37  2.233  3.333  4.283  4.283 -0.820
2.38  2.244  3.351  4.282  4.282 -0.817
2.39  2.255  3.370  4.280  4.280 -0.813
2.40  2.266  3.390  4.279  4.279 -0.810
2.41  2.277  3.410  4.279  4.279 -0.807
2.42  2.289  3.431  4.280  4.280 -0.803
2.43  2.300  3.452  4.281  4.281 -0.800
2.44  2.311  3.475  4.284  4.284 -0.796
2.45  2.322  3.500  4.290  4.290 -0.793
2.46  2.334  3.526  4.296  4.296 -0.789
2.47  2.345  3.549  4.302  4.302 -0.785
2.48  2.356  3.572  4.308  4.308 -0.782
2.49  2.368  3.596  4.316  4.316 -0.778
2.50  2.379  3.623  4.324  4.324 -0.774
2.51  2.391  3.651  4.331  4.331 -0.771
2.52  2.402  3.678  4.337  4.337 -0.767
2.53  2.414  3.706  4.340  4.340 -0.763
2.54  2.425  3.734  4.339  4.339 -0.759
2.55  2.437  3.762  4.333  4.333 -0.755
2.56  2.449  3.792  4.324  4.324 -0.751
2.57  2.460  3.824  4.315  4.315 -0.747
2.58  2.472  3.858  4.305  4.305 -0.743
2.59  2.484  3.890  4.295  4.295 -0.739
2.60  2.495  3.921  4.283  4.283 -0.735
2.61  2.507  3.952  4.269  4.269 -0.731
2.62  2.519  3.983  4.255  4.255 -0.727
2.63  2.531  4.017  4.242  4.242 -0.723
2.64  2.543  4.052  4.232  4.232 -0.719
2.65  2.555  4.087  4.225  4.225 -0.714
2.66  2.567  4.122  4.221  4.221 -0.710
2.67  2.579  4.160  4.220  4.220 -0.706
2.68  2.591  4.198  4.220  4.220 -0.702
2.69  2.603  4.233  4.220  4.220 -0.697
2.70  2.615  4.268  4.223  4.223 -0.693
2.71  2.627  4.306  4.228  4.228 -0.689
2.72  2.639  4.346  4.234  4.234 -0.684
2.73  2.651  4.387  4.241  4.241 -0.680
2.74  2.663  4.428  4.246  4.246 -0.675
2.75  2.675  4.469  4.251  4.251 -0.671
2.76  2.687  4.510  4.255  4.255 -0.666
2.77  2.699  4.551  4.259  4.259 -0.662
2.78  2.711  4.592  4.265  4.265 -0.657
2.79  2.723  4.632  4.272  4.272 -0.652
2.80  2.735  4.673  4.279  4.279 -0.648
2.81  2.747  4.713  4.286  4.286 -0.643
2.82  2.759  4.753  4.294  4.294 -0.638
2.83  2.771  4.794  4.303  4.303 -0.634
2.84  2.782  4.835  4.314  4.314 -0.629
2.85  2.794  4.876  4.327  4.327 -0.624
2.86  2.806  4.918  4.342  4.342 -0.619
2.87  2.818  4.960  4.357  4.357 -0.614
2.88  2.830  5.001  4.373  4.373 -0.609
2.89  2.841  5.043  4.389  4.389 -0.605
2.90  2.853  5.084  4.406  4.406 -0.600
2.91  2.864  5.126  4.425  4.425 -0.595
2.92  2.876  5.168  4.447  4.447 -0.590
2.93  2.888  5.210  4.471  4.471 -0.585
2.94  2.899  5.253  4.497  4.497 -0.580
2.95  2.910  5.297  4.527  4.527 -0.575
2.96  2.922  5.340  4.558  4.558 -0.569
2.97  2.933  5.383  4.588  4.588 -0.564
2.98  2.944  5.426  4.618  4.618 -0.559
2.99  2.955  5.468  4.647  4.647 -0.554
3.00  2.966  5.509  4.677  4.677 -0.549
3.01  2.977  5.549  4.707  4.707 -0.544
3.02  2.988  5.589  4.738  4.738 -0.538
3.03  2.999  5.628  4.767  4.767 -0.533
3.04  3.010  5.666  4.795  4.795 -0.528
3.05  3.020  5.703  4.822  4.822 -0.522
3.06  3.031  5.740  4.849  4.849 -0.517
3.07  3.041  5.776  4.874  4.874 -0.512
3.08  3.052  5.811  4.900  4.900 -0.506
3.09  3.062  5.846  4.924  4.924 -0.501
3.10  3.072  5.880  4.947  4.947 -0.495
3.11  3.082  5.914  4.970  4.970 -0.490
3.12  3.092  5.947  4.991  4.991 -0.484
3.13  3.102  5.980  5.010  5.010 -0.479
3.14  3.112  6.013  5.029  5.029 -0.473
3.15  3.122  6.045  5.047  5.047 -0.468
3.16  3.131  6.078  5.065  5.065 -0.462
3.17  3.141  6.110  5.084  5.084 -0.457
3.18  3.150  6.142  5.105  5.105 -0.451
3.19  3.159  6.173  5.127  5.127 -0.445
3.20  3.168  6.205  5.152  5.152 -0.440
3.21  3.177  6.235  5.180  5.180 -0.434
3.22  3.186  6.266  5.211  5.211 -0.428
3.23  3.195  6.296  5.246  5.246 -0.422
3.24  3.204  6.326  5.284  5.284 -0.417
3.25  3.212  6.356  5.327  5.327 -0.411
3.26  3.221  6.386  5.375  5.375 -0.405
3.27  3.229  6.415  5.428  5.428 -0.399
3.28  3.237  6.444  5.485  5.485 -0.393
3.29  3.246  6.473  5.544  5.544 -0.387
3.30  3.254  6.502  5.606  5.606 -0.381
3.31  3.262  6.530  5.669  5.669 -0.375
3.32  3.269  6.559  5.733  5.733 -0.369
3.33  3.277  6.587  5.798  5.798 -0.363
3.34  3.285  6.615  5.861  5.861 -0.357
3.35  3.292  6.643  5.922  5.922 -0.351
3.36  3.300  6.670  5.983  5.983 -0.345
3.37  3.307  6.698  6.042  6.042 -0.339
3.38  3.314  6.725  6.100  6.100 -0.333
3.39  3.321  6.753  6.157  6.157 -0.327
3.40  3.328  6.780  6.211  6.211 -0.321
3.41  3.335  6.807  6.263  6.263 -0.315
3.42  3.342  6.834  6.312  6.312 -0.308
3.43  3.348  6.860  6.361  6.361 -0.302
3.44  3.355  6.887  6.410  6.410 -0.296
3.45  3.362  6.914  6.459  6.459 -0.290
3.46  3.368  6.940  6.506  6.506 -0.283
3.47  3.374  6.966  6.552  6.552 -0.277
3.48  3.380  6.992  6.597  6.597 -0.271
3.49  3.387  7.018  6.641  6.641 -0.265
3.50  3.393  7.044  6.685  6.685 -0.258
3.51  3.399  7.070  6.730  6.730 -0.252
3.52  3.405  7.096  6.775  6.775 -0.245
3.53  3.410  7.122  6.822  6.822 -0.239
3.54  3.416  7.147  6.869  6.869 -0.233
3.55  3.422  7.173  6.917  6.917 -0.226
3.56  3.427  7.198  6.964  6.964 -0.220
3.57  3.433  7.223  7.010  7.010 -0.213
3.58  3.438  7.248  7.055  7.055 -0.207
3.59  3.444  7.274  7.099  7.099 -0.200
3.60  3.449  7.299  7.143  7.143 -0.193
3.61  3.454  7.323  7.187  7.187 -0.187
3.62  3.460  7.348  7.231  7.231 -0.180
3.63  3.465  7.373  7.275  7.275 -0.174
3.64  3.470  7.398  7.319  7.319 -0.167
3.65  3.475  7.422  7.362  7.362 -0.160
3.66  3.480  7.447  7.404  7.404 -0.154
3.67  3.485  7.471  7.445  7.445 -0.147
3.68  3.490  7.496  7.484  7.484 -0.140
3.69  3.495  7.520  7.521  7.521 -0.134
3.70  3.500  7.544  7.559  7.559 -0.127
3.71  3.504  7.569  7.595  7.595 -0.120
3.72  3.509  7.593  7.632  7.632 -0.113
3.73  3.514  7.617  7.668  7.668 -0.106
3.74  3.519  7.641  7.705  7.705 -0.100
3.75  3.523  7.665  7.741  7.741 -0.093
3.76  3.528  7.688  7.776  7.776 -0.086
3.77  3.533  7.712  7.811  7.811 -0.079
3.78  3.537  7.736  7.845  7.845 -0.072
3.79  3.542  7.760  7.878  7.878 -0.065
3.80  3.546  7.783  7.911  7.911 -0.058
3.81  3.551  7.807  7.943  7.943 -0.051
3.82  3.556  7.830  7.973  7.973 -0.044
3.83  3.560  7.853  8.001  8.001 -0.037
3.84  3.565  7.877  8.027  8.027 -0.030
3.85  3.569  7.900  8.052  8.052 -0.023
3.86  3.574  7.923  8.076  8.076 -0.016
3.87  3.578  7.947  8.100  8.100 -0.009
3.88  3.583  7.970  8.123  8.123 -0.002
3.89  3.587  7.993  8.146  8.146  0.005
3.90  3.592  8.016  8.169  8.169  0.012
3.91  3.596  8.039  8.192  8.192  0.019
3.92  3.601  8.061  8.215  8.215  0.026
3.93  3.606  8.084  8.237  8.237  0.033
3.94  3.610  8.107  8.255  8.255  0.041
3.95  3.615  8.130  8.268  8.268  0.048
3.96  3.619  8.152  8.275  8.275  0.055
3.97  3.624  8.175  8.278  8.278  0.062
3.98  3.629  8.198  8.279  8.279  0.070
3.99  3.633  8.220  8.281  8.281  0.077
4.00  3.638  8.242  8.284  8.284  0.084
4.01  3.643  8.265  8.290  8.290  0.091
4.02  3.647  8.287  8.297  8.297  0.099
4.03  3.652  8.309  8.306  8.306  0.106
4.04  3.657  8.332  8.316  8.316  0.113
4.05  3.661  8.354  8.327  8.327  0.121
4.06  3.666  8.376  8.338  8.338  0.128
4.07  3.671  8.398  8.349  8.349  0.136
4.08  3.676  8.420  8.362  8.362  0.143
4.09  3.681  8.442  8.374  8.374  0.150
4.10  3.686  8.464  8.386  8.386  0.158
4.11  3.691  8.486  8.397  8.397  0.165
4.12  3.696  8.507  8.406  8.406  0.173
4.13  3.701  8.529  8.414  8.414  0.180
4.14  3.706  8.551  8.419  8.419  0.188
4.15  3.711  8.572  8.424  8.424  0.195
4.16  3.717  8.594  8.429  8.429  0.203
4.17  3.722  8.616  8.435  8.435  0.210
4.18  3.727  8.637  8.442  8.442  0.218
4.19  3.733  8.659  8.451  8.451  0.226
4.20  3.738  8.680  8.462  8.462  0.233
4.21  3.744  8.701  8.473  8.473  0.241
4.22  3.749  8.723  8.483  8.483  0.248
4.23  3.755  8.744  8.491  8.491  0.256
4.24  3.761  8.765  8.499  8.499  0.264
4.25  3.767  8.786  8.509  8.509  0.271
4.26  3.773  8.807  8.520  8.520  0.279
4.27  3.779  8.828  8.535  8.535  0.287
4.28  3.785  8.849  8.554  8.554  0.294
4.29  3.792  8.870  8.576  8.576  0.302
4.30  3.798  8.891  8.601  8.601  0.310
4.31  3.805  8.912  8.628  8.628  0.318
4.32  3.811  8.933  8.654  8.654  0.326
4.33  3.818  8.953  8.679  8.679  0.333
4.34  3.825  8.974  8.701  8.701  0.341
4.35  3.832  8.995  8.720  8.720  0.349
4.36  3.840  9.015  8.738  8.738  0.357
4.37  3.847  9.036  8.755  8.755  0.365
4.38  3.855  9.056  8.771  8.771  0.373
4.39  3.862  9.076  8.786  8.786  0.380
4.40  3.870  9.097  8.802  8.802  0.388
4.41  3.878  9.117  8.817  8.817  0.396
4.42  3.887  9.137  8.833  8.833  0.404
4.43  3.895  9.158  8.849  8.849  0.412
4.44  3.903  9.178  8.865  8.865  0.420
4.45  3.912  9.198  8.883  8.883  0.428
4.46  3.921  9.218  8.902  8.902  0.436
4.47  3.930  9.238  8.923  8.923  0.444
4.48  3.940  9.258  8.944  8.944  0.452
4.49  3.949  9.278  8.967  8.967  0.460
4.50  3.959  9.298  8.990  8.990  0.468
4.51  3.969  9.317  9.014  9.014  0.476
4.52  3.979  9.337  9.040  9.040  0.484
4.53  3.989  9.357  9.066  9.066  0.492
4.54  4.000  9.376  9.093  9.093  0.500
4.55  4.010  9.396  9.121  9.121  0.508
4.56  4.021  9.416  9.150  9.150  0.517
4.57  4.033  9.435  9.180  9.180  0.525
4.58  4.044  9.455  9.211  9.211  0.533
4.59  4.056  9.474  9.242  9.242  0.541
4.60  4.068  9.493  9.275  9.275  0.549
4.61  4.080  9.513  9.309  9.309  0.557
4.62  4.092  9.532  9.343  9.343  0.566
4.63  4.104  9.551  9.378  9.378  0.574
4.64  4.117  9.570  9.413  9.413  0.582
4.65  4.130  9.589  9.448  9.448  0.590
4.66  4.143  9.608  9.483  9.483  0.599
4.67  4.157  9.627  9.518  9.518  0.607
4.68  4.171  9.646  9.553  9.553  0.615
4.69  4.185  9.665  9.588  9.588  0.623
4.70  4.199  9.684  9.623  9.623  0.632
4.71  4.213  9.703  9.659  9.659  0.640
4.72  4.228  9.721  9.695  9.695  0.648
4.73  4.243  9.740  9.732  9.732  0.657
4.74  4.258  9.759  9.770  9.770  0.665
4.75  4.273  9.777  9.808  9.808  0.673
4.76  4.289  9.796  9.847  9.847  0.682
4.77  4.304  9.814  9.886  9.886  0.690
4.78  4.320  9.833  9.925  9.925  0.699
4.79  4.337  9.851  9.964  9.964  0.707
4.80  4.353  9.870 10.002 10.002  0.715
4.81  4.370  9.888 10.039 10.039  0.724
4.82  4.387  9.906 10.075 10.075  0.732
4.83  4.404  9.924 10.110 10.110  0.741
4.84  4.422  9.942 10.144 10.144  0.749
4.85  4.439  9.961 10.176 10.176  0.758
4.86  4.457  9.979 10.205 10.205  0.766
4.87  4.475  9.997 10.232 10.232  0.775
4.88  4.494 10.015 10.258 10.258  0.783
4.89  4.512 10.033 10.282 10.282  0.792
4.90  4.531 10.051 10.305 10.305  0.800
4.91  4.551 10.068 10.329 10.329  0.809
4.92  4.570 10.086 10.354 10.354  0.817
4.93  4.590 10.104 10.380 10.380  0.826
4.94  4.610 10.122 10.407 10.407  0.835
4.95  4.630 10.139 10.435 10.435  0.843
4.96  4.650 10.157 10.463 10.463  0.852
4.97  4.671 10.175 10.491 10.491  0.860
4.98  4.692 10.192 10.520 10.520  0.869
4.99  4.713 10.210 10.548 10.548  0.878
5.00  4.735 10.227 10.577 10.577  0.886
5.01  4.756 10.245 10.606 10.606  0.895
5.02  4.778 10.262 10.636 10.636  0.904
5.03  4.801 10.279 10.665 10.665  0.912
5.04  4.823 10.297 10.696 10.696  0.921
5.05  4.846 10.314 10.728 10.728  0.930
5.06  4.869 10.331 10.760 10.760  0.939
5.07  4.893 10.349 10.794 10.794  0.947
5.08  4.917 10.366 10.828 10.828  0.956
5.09  4.941 10.383 10.863 10.863  0.965
5.10  4.965 10.400 10.899 10.899  0.974
5.11  4.990 10.417 10.935 10.935  0.982
5.12  5.015 10.434 10.971 10.971  0.991
5.13  5.040 10.451 11.007 11.007  1.000
5.14  5.066 10.468 11.041 11.041  1.009
5.15  5.091 10.485 11.073 11.073  1.018
5.16  5.118 10.502 11.104 11.104  1.027
5.17  5.144 10.518 11.135 11.135  1.035
5.18  5.171 10.535 11.166 11.166  1.044
5.19  5.199 10.552 11.198 11.198  1.053
5.20  5.226 10.569 11.233 11.233  1.062
5.21  5.254 10.585 11.270 11.270  1.071
5.22  5.282 10.602 11.311 11.311  1.080
5.23  5.311 10.619 11.354 11.354  1.089
5.24  5.340 10.635 11.400 11.400  1.098
5.25  5.370 10.652 11.448 11.448  1.107
5.26  5.399 10.668 11.498 11.498  1.116
5.27  5.429 10.685 11.549 11.549  1.125
5.28  5.460 10.701 11.601 11.601  1.134
5.29  5.491 10.718 11.654 11.654  1.142
5.30  5.522 10.734 11.708 11.708  1.151
5.31  5.554 10.750 11.761 11.761  1.160
5.32  5.586 10.767 11.814 11.814  1.169
5.33  5.618 10.783 11.866 11.866  1.179
5.34  5.651 10.799 11.916 11.916  1.188
5.35  5.684 10.815 11.964 11.964  1.197
5.36  5.718 10.832 12.009 12.009  1.206
5.37  5.752 10.848 12.052 12.052  1.215
5.38  5.787 10.864 12.092 12.092  1.224
5.39  5.822 10.880 12.128 12.128  1.233
5.40  5.857 10.896 12.161 12.161  1.242
5.41  5.893 10.912 12.191 12.191  1.251
5.42  5.929 10.928 12.218 12.218  1.260
5.43  5.966 10.944 12.242 12.242  1.269
5.44  6.003 10.960 12.266 12.266  1.278
5.45  6.041 10.976 12.289 12.289  1.288
5.46  6.079 10.992 12.312 12.312  1.297
5.47  6.117 11.008 12.336 12.336  1.306
5.48  6.156 11.024 12.361 12.361  1.315
5.49  6.195 11.040 12.388 12.388  1.324
5.50  6.235 11.056 12.417 12.417  1.333
5.51  6.276 11.072 12.448 12.448  1.343
5.52  6.316 11.087 12.482 12.482  1.352
5.53  6.358 11.103 12.517 12.517  1.361
5.54  6.399 11.119 12.555 12.555  1.370
5.55  6.441 11.135 12.595 12.595  1.380
5.56  6.484 11.151 12.637 12.637  1.389
5.57  6.527 11.166 12.681 12.681  1.398
5.58  6.571 11.182 12.725 12.725  1.407
5.59  6.615 11.198 12.771 12.771  1.417
5.60  6.659 11.214 12.816 12.816  1.426
5.61  6.704 11.229 12.862 12.862  1.435
5.62  6.750 11.245 12.907 12.907  1.444
5.63  6.796 11.261 12.951 12.951  1.454
5.64  6.842 11.276 12.993 12.993  1.463
5.65  6.889 11.292 13.034 13.034  1.472
5.66  6.936 11.308 13.074 13.074  1.482
5.67  6.984 11.323 13.111 13.111  1.491
5.68  7.033 11.339 13.146 13.146  1.500
5.69  7.082 11.354 13.178 13.178  1.510
5.70  7.131 11.370 13.210 13.210  1.519
5.71  7.181 11.386 13.239 13.239  1.529
5.72  7.231 11.401 13.268 13.268  1.538
5.73  7.282 11.417 13.296 13.296  1.547
5.74  7.333 11.432 13.324 13.324  1.557
5.75  7.385 11.448 13.353 13.353  1.566
5.76  7.437 11.464 13.383 13.383  1.576
5.77  7.490 11.479 13.415 13.415  1.585
5.78  7.543 11.495 13.448 13.448  1.595
5.79  7.596 11.510 13.484 13.484  1.604
5.80  7.651 11.526 13.523 13.523  1.614
5.81  7.705 11.541 13.565 13.565  1.623
5.82  7.760 11.557 13.609 13.609  1.632
5.83  7.816 11.572 13.657 13.657  1.642
5.84  7.872 11.588 13.708 13.708  1.652
5.85  7.929 11.604 13.763 13.763  1.661
5.86  7.986 11.619 13.821 13.821  1.671
5.87  8.044 11.635 13.883 13.883  1.680
5.88  8.102 11.650 13.947 13.947  1.690
5.89  8.161 11.666 14.015 14.015  1.699
5.90  8.220 11.681 14.085 14.085  1.709
5.91  8.280 11.697 14.157 14.157  1.718
5.92  8.340 11.713 14.230 14.230  1.728
5.93  8.401 11.728 14.304 14.304  1.738
5.94  8.462 11.744 14.379 14.379  1.747
5.95  8.524 11.760 14.452 14.452  1.757
5.96  8.586 11.775 14.525 14.525  1.767
5.97  8.649 11.791 14.596 14.596  1.776
5.98  8.713 11.807 14.666 14.666  1.786
5.99  8.777 11.823 14.733 14.733  1.796
6.00  8.841 11.838 14.798 14.798  1.806
